Zach Kingcade & Garrett Johnson
OOP Program 04

Set Number: 0
Original Matrix A:
1 0 1 1 0 1 
0 1 0 1 0 0 
0 1 1 0 0 1 
1 1 1 0 0 1 
1 1 1 0 0 1 
1 0 1 0 1 1 
Original Matrix B:
1 1 0 1 0 0 1 
1 1 0 1 1 1 1 
0 0 1 0 1 0 1 
0 1 0 1 0 0 0 
0 1 1 1 1 1 0 
1 1 1 0 0 1 0 
0 1 1 0 1 0 1 
Join of A and B:
Error:ZeroOne Meet- matrixes not of the same size
Meet of A and B:
Error:ZeroOne Join- matrixes not of the same size
Transpose of A
1 0 0 1 1 1 
0 1 1 1 1 0 
1 0 1 1 1 1 
1 1 0 0 0 0 
0 0 0 0 0 1 
1 0 1 1 1 1 
Transpose of B:
1 1 0 0 0 1 0 
1 1 0 1 1 1 1 
0 0 1 0 1 1 1 
1 1 0 1 1 0 0 
0 1 1 0 1 0 1 
0 1 0 0 1 1 0 
1 1 1 0 0 0 1 
Matrix A is not symmetric
Matrix B is not symmetric

Set Number: 1
Original Matrix A:
1 1 0 1 1 
0 1 1 0 1 
0 1 0 0 0 
0 1 1 0 1 
1 0 0 0 1 
Original Matrix B:
1 0 0 0 0 
0 0 0 1 1 
1 1 0 1 1 
1 1 0 0 0 
1 0 1 0 0 
Join of A and B:
1 1 0 1 1 
0 1 1 1 1 
1 1 0 1 1 
1 1 1 0 1 
1 0 1 0 1 
Meet of A and B:
1 0 0 0 0 
0 0 0 0 1 
0 1 0 0 0 
0 1 0 0 0 
1 0 0 0 0 
Transpose of A
1 0 0 0 1 
1 1 1 1 0 
0 1 0 1 0 
1 0 0 0 0 
1 1 0 1 1 
Transpose of B:
1 0 1 1 1 
0 0 1 1 0 
0 0 0 0 1 
0 1 1 0 0 
0 1 1 0 0 
Matrix A is not symmetric
Matrix B is not symmetric

Set Number: 2
Original Matrix A:
92 43 60 94 67 90 70 95 94 44 
31 11 41 45 35 4 22 42 39 71 
73 3 19 54 69 63 28 56 33 7 
27 78 2 39 24 21 29 94 68 23 
91 0 87 32 45 22 36 19 16 28 
90 89 83 62 95 53 25 23 61 10 
82 88 40 84 27 64 5 56 11 74 
31 2 26 70 86 23 92 75 42 61 
55 84 50 38 98 46 43 23 21 4 
86 4 44 78 88 71 43 46 79 6 
Original Matrix B:
72 63 8 98 33 94 73 78 69 15 
39 24 51 41 15 50 39 58 25 61 
15 63 65 59 42 5 83 85 51 14 
91 23 77 51 73 63 97 46 93 19 
13 84 95 65 25 10 15 65 21 92 
78 36 56 43 47 98 48 30 35 52 
97 78 75 26 29 1 89 78 47 34 
97 61 18 93 78 96 3 45 13 24 
37 91 12 93 34 60 43 34 90 78 
86 39 56 14 66 37 15 55 68 62 
Addition of A and B:
164 106 68 192 100 184 143 173 163 59 
70 35 92 86 50 54 61 100 64 132 
88 66 84 113 111 68 111 141 84 21 
118 101 79 90 97 84 126 140 161 42 
104 84 182 97 70 32 51 84 37 120 
168 125 139 105 142 151 73 53 96 62 
179 166 115 110 56 65 94 134 58 108 
128 63 44 163 164 119 95 120 55 85 
92 175 62 131 132 106 86 57 111 82 
172 43 100 92 154 108 58 101 147 68 
Multiplication of A and B:
48913 43163 36024 47351 34508 42968 39033 41500 39759 32193 
21895 19515 17338 19749 17184 16267 16003 19843 19483 15193 
26354 24050 20109 27449 18644 25016 20504 22553 20247 17498 
26940 22449 16754 26556 18582 25187 16462 20853 19050 19204 
21405 23037 19156 24137 16070 17467 23068 25297 20690 13139 
29980 33643 31002 37584 22436 29638 31980 35463 29928 27395 
35611 23995 26020 30192 25292 32921 26559 29793 27502 21526 
34981 31253 29058 28930 24458 22737 24817 29578 25863 23375 
23829 26217 26901 27336 16580 21161 23664 28233 20129 22679 
32860 33611 27431 36766 23894 30677 29832 30558 30002 24520 
Transpose of A
92 31 73 27 91 90 82 31 55 86 
43 11 3 78 0 89 88 2 84 4 
60 41 19 2 87 83 40 26 50 44 
94 45 54 39 32 62 84 70 38 78 
67 35 69 24 45 95 27 86 98 88 
90 4 63 21 22 53 64 23 46 71 
70 22 28 29 36 25 5 92 43 43 
95 42 56 94 19 23 56 75 23 46 
94 39 33 68 16 61 11 42 21 79 
44 71 7 23 28 10 74 61 4 6 
Transpose of B:
72 39 15 91 13 78 97 97 37 86 
63 24 63 23 84 36 78 61 91 39 
8 51 65 77 95 56 75 18 12 56 
98 41 59 51 65 43 26 93 93 14 
33 15 42 73 25 47 29 78 34 66 
94 50 5 63 10 98 1 96 60 37 
73 39 83 97 15 48 89 3 43 15 
78 58 85 46 65 30 78 45 34 55 
69 25 51 93 21 35 47 13 90 68 
15 61 14 19 92 52 34 24 78 62 
Matrix A is not symmetric
Matrix B is not symmetric

Set Number: 3
Original Matrix A:
12 10 53 8 14 98 21 90 36 12 
55 81 46 15 25 33 57 55 19 97 
64 33 63 1 0 70 21 15 64 87 
90 77 97 96 85 63 94 7 6 82 
71 61 16 18 28 93 3 85 48 22 
34 12 8 49 66 8 20 87 75 84 
26 66 61 24 14 99 39 60 6 45 
43 77 58 11 47 86 4 2 24 4 
25 10 69 85 60 35 45 80 74 21 
16 1 39 30 77 53 29 16 13 87 
Original Matrix B:
14 8 16 24 71 16 11 27 18 87 
32 95 97 1 80 57 88 78 89 62 
51 58 63 42 88 40 95 69 9 60 
56 23 21 72 47 92 40 10 20 59 
49 52 54 47 5 87 56 93 17 46 
55 68 56 19 10 44 11 57 13 20 
17 21 95 38 45 43 31 86 5 3 
45 55 55 99 54 12 38 10 5 55 
8 60 75 64 31 37 8 43 94 73 
15 64 94 11 2 40 6 85 78 11 
Addition of A and B:
26 18 69 32 85 114 32 117 54 99 
87 176 143 16 105 90 145 133 108 159 
115 91 126 43 88 110 116 84 73 147 
146 100 118 168 132 155 134 17 26 141 
120 113 70 65 33 180 59 178 65 68 
89 80 64 68 76 52 31 144 88 104 
43 87 156 62 59 142 70 146 11 48 
88 132 113 110 101 98 42 12 29 59 
33 70 144 149 91 72 53 123 168 94 
31 65 133 41 79 93 35 101 91 98 
Multiplication of A and B:
14590 20015 21686 17764 14687 12943 12660 17003 8130 15693 
14639 26262 34131 16109 21911 20038 19057 29847 19679 20912 
11920 22758 27933 12953 17388 15528 12658 24752 18568 19370 
24868 32540 42627 23966 31611 36336 29994 42967 20995 31265 
15847 24511 25787 18659 19502 17242 14819 20906 15564 23559 
13801 22060 27459 23043 14882 20189 12964 22445 18095 21513 
17148 25387 29150 15820 19953 18819 18529 25281 13465 18404 
14083 21458 22062 10110 16969 17526 17193 22288 12884 18444 
19086 23736 28901 27710 21973 24783 20008 24278 14355 25578 
13235 18620 23354 13284 9719 19064 12197 24291 11559 13039 
Transpose of A
12 55 64 90 71 34 26 43 25 16 
10 81 33 77 61 12 66 77 10 1 
53 46 63 97 16 8 61 58 69 39 
8 15 1 96 18 49 24 11 85 30 
14 25 0 85 28 66 14 47 60 77 
98 33 70 63 93 8 99 86 35 53 
21 57 21 94 3 20 39 4 45 29 
90 55 15 7 85 87 60 2 80 16 
36 19 64 6 48 75 6 24 74 13 
12 97 87 82 22 84 45 4 21 87 
Transpose of B:
14 32 51 56 49 55 17 45 8 15 
8 95 58 23 52 68 21 55 60 64 
16 97 63 21 54 56 95 55 75 94 
24 1 42 72 47 19 38 99 64 11 
71 80 88 47 5 10 45 54 31 2 
16 57 40 92 87 44 43 12 37 40 
11 88 95 40 56 11 31 38 8 6 
27 78 69 10 93 57 86 10 43 85 
18 89 9 20 17 13 5 5 94 78 
87 62 60 59 46 20 3 55 73 11 
Matrix A is not symmetric
Matrix B is not symmetric

